96701
96706
96707
96709
96712
96717
96730
96731
96734
96744
96759
96762
96782
96786
96789
96791
96792
96795
96797
96801
96802
96803
96804
96805
96806
96807
96808
96809
96810
96811
96812
96813
96814
96815
96816
96817
96818
96819
96820
96821
96822
96823
96824
96825
96826
96827
96828
96830
96835
96836
96837
96838
96839
96840
96841
96842
96843
96844
96845
96846
96847
96848
96849
96850
96853
96854
96857
96858
96859
96860
96861
96862
99501
99502
99503
99504
99505
99506
99507
99508
99509
99510
99511
99512
99513
99514
99515
99516
99517
99518
99519
99520
99521
99522
99523
99524
99540
99556
99567
99568
99572
99577
99587
99603
99605
99610
99611
99631
99635
99639
99645
99654
99664
99669
99672
99687
99701
99702
99703
99705
99706
99707
99708
99709
99710
99711
99712
99775
